91,3
91,2
91,1
91,0
90,3
90,2
90,1
90,0
88,3
88,2
88,1
88,0
83,9
83,8
83,7
83,6
83,5
83,4
83,3
3,1
3,3
83,2
83,1
83,0
74,3
74,2
74,1
74,0
72,4
72,3
72,2
72,1
72,0
70,9
70,8
70,7
10,132
10,101
70,6
70,5
70,4
70,3
70,2
10,241
10,263
10,201
70,1
70,0
10,79
10,134
10,280
9,5
8,9
8,16
8,17
8,2
8,3
61,4
61,3
61,2
61,1
61,0
26,3
26,1
12,3
12,2
20,2
20,1
12,1
11,30
11,29
11,28
11,27
11,26
11,25
11,24
11,23
11,22
11,21
11,20
11,19
11,18
11,17
11,16
11,15
11,14
11,13
11,12
11,11
11,10
11,9
11,8
11,7
11,6
11,5
11,4
11,3
11,2
20,3
11,1
10,314
19,2
19,1
10,308
10,307
19,3
10,251
10,200
10,199
10,159
10,98
10,72
10,1
10,9
10,3
10,2
9,7
18,1
